ncols         5
nrows         5
xllcorner     0
yllcorner     0
cellsize      5.000000
NODATA_value   -9999
81.74376798569546 80.95000867807528 76.7263223095413 68.22763357668882 75.18838717413976 
62.383120718000555 70.73942885062816 70.22119586299637 79.29775165373499 70.7066813381907 
44.66739311868946 59.98766625610454 54.44568167846664 71.48912604181693 71.99340887537078 
22.25903863591447 34.43753628928664 59.77688347378907 59.70023498032661 73.47591857456848 
11.756811830424475 35.548197030638875 40.50897088396693 55.17480617877355 55.94381111365788 
