ncols         9
nrows         9
xllcorner     0
yllcorner     0
cellsize      5.000000
NODATA_value   -9999
53.605134468941685 51.59707307309143 46.505814805585516 51.08626068928296 36.660149753754055 38.01470658473227 41.64636298720842 33.61600290808498 26.971061299108857 
54.29243603238105 57.88508594898826 42.590188138330035 41.21906475490792 39.91021877260963 41.51110076511652 50.053159478175616 37.12070796214729 37.179440382931844 
53.32046962896902 46.76187766481941 42.19271022929908 45.78257646234934 44.60144307904612 51.87940819637947 44.27715175683919 42.45553576181199 37.0591261393922 
43.81864008548222 50.396411111801726 49.64938706855091 47.36277560504212 50.12238388320209 51.300386997024795 50.656778926429325 48.39885453156738 55.60723720222154 
43.64113123532239 49.24161332848605 46.99342799651001 42.67979120767956 36.979308978207015 49.25197269572641 52.36233199838822 66.53380812846217 65.5376471380942 
52.50603169552045 37.449550894532614 43.23303929754904 47.11299545670842 52.044096135719144 51.69872619181779 61.58307494974412 58.62201060429394 68.5396207927144 
44.1236641694168 40.10799314787246 36.22752729356746 41.49175385405362 53.00140526833208 56.13270947580723 65.24810905878086 66.11573077725762 70.47564979243278 
27.444778444700653 38.74884465419399 41.56991078079143 50.08190072165474 60.8239192193897 70.73443937235527 76.13354612084007 77.95250948653285 72.39066562277439 
24.780964445397448 36.293671937247424 48.988285460078785 52.57634914113217 62.69303443173941 77.53135718330701 84.43286293820323 95.04396904904901 90.77855888743225 
