ncols         65
nrows         65
xllcorner     0
yllcorner     0
cellsize      5.000000
NODATA_value   -9999
95.036727220587 84.93411002422549 90.61112288294795 86.14259741079786 98.50156609466612 94.75000533499194 95.65308126903466 97.52158814023939 87.00264975789287 82.03576821017144 80.2118823327144 89.10264535321797 92.60404131663373 107.07207536741011 102.1409275406748 102.10234131167796 93.62311903290893 88.64397939740381 93.1254536852958 91.88097958867382 84.9173863393473 89.5668567854425 79.94505754221574 78.32174409395641 88.85914322531077 88.65583760731 91.95073010051598 94.26513407382922 76.81469056190393 74.98113438221833 80.06242353267533 81.12130222107078 72.9460942211212 78.50772790049957 68.56224390353408 64.16788810159375 65.99258207195484 67.25823930274181 62.70975106952217 63.81177907640203 61.416272424056515 52.56467357975629 60.869952141376025 72.64506515437398 66.8348044605366 55.02846650064609 60.56813985969145 55.884954910982316 62.581120625934915 49.55059948480308 54.376860476962655 62.59053706666327 58.06600850202755 65.68447001179489 54.71222510779322 56.1857576834312 55.01351544781569 65.37249741539183 62.42306953256866 70.38259600198865 62.05991452055847 58.30024800545138 52.76851116116409 57.87098746532873 60.37007785754965 
96.58992500162366 89.12997173866077 96.7079269499101 101.75664734455655 101.49340995180808 93.8462626240127 84.34984391697171 101.42857547538004 94.67904769744808 95.98606129796613 87.10642940043932 93.97032870401165 86.62774116758055 95.78947309401579 93.05967692725451 96.85805111165902 91.14451074502219 102.4223073325609 97.14168637216594 88.22811951326177 81.82326659863239 88.20638648660712 77.52165985535865 80.33006749772275 79.11424259398288 86.45379569333984 77.30116027230613 75.16491329138987 75.14288862795418 68.92264383443491 80.37408300669519 77.51651739067127 69.59461840484005 68.97877781454278 61.403663697076944 59.19384560795101 69.39831844312963 56.12790930123216 71.60031704384433 63.5854742550232 71.75992627392029 68.52000752439876 65.71961621102842 63.85475986026769 68.73191005603755 54.9171048298306 63.33746732798658 64.98646579495028 67.24374544885414 55.702914030207786 50.46484040119224 47.19033319031051 51.35053878176828 46.891408986604894 52.230695262477646 54.7109961450798 49.603168044579775 54.42325863604203 63.460738722360986 60.30743234379344 59.82184202260254 50.52475550278188 64.6222158080625 50.578569373648556 49.90207925230614 
105.47612040256325 96.89398411742613 99.64254731700282 94.53169239273443 89.5358114113702 84.52142106834472 87.86655780355574 84.82466002791787 91.09089554750128 92.70114559993402 92.4621228397165 90.99144208689775 81.2658093258377 88.97348716659985 90.3570116477181 96.29282388353079 89.14978531535668 93.31280373193985 88.09622285724018 96.24317299428054 97.71820332781996 88.2512594180439 86.12413271278564 78.17578861105582 85.2421411364129 76.08800372640515 72.13940579037758 70.13015123518261 74.21472538456689 82.25023801556696 73.04350252633165 61.45459684712879 66.95831997105427 59.04931016523203 61.65158732177789 61.03063672209727 64.72115093049572 60.72019140825959 69.70494490650158 81.63912614010414 67.1738629788948 67.4520262570426 61.938537148545336 60.515780825634494 63.06823878449585 51.09844098940712 58.16390492054395 63.863850105549005 64.33182104442145 63.061776783617084 53.80253008702084 48.89710765910879 50.77732969979815 49.37496527516902 51.015294087580365 52.94811609642295 51.91100394189944 48.58404900893916 61.97590707627393 60.633497423178554 61.9971586273865 63.44182338932478 63.46587305260939 54.608844972273175 51.795349186037356 
104.08654253293054 88.92859535437617 92.60186938721117 82.13170882003735 83.18547098565604 98.81889804061097 96.65692659704375 85.13481655479599 89.55347873722678 92.8632022953968 88.6983703671072 89.15575989570846 76.79080704546234 88.67211971656216 90.38959401062048 84.70025238151615 83.1025703405063 94.01334630922844 88.1910754444825 92.5331736861582 102.04883231355764 79.40055193748567 82.34875140801924 83.75921347175341 88.19427549572578 68.35700068860825 70.58490867476152 60.57803235597013 74.5184706849395 68.50429602893345 72.65536685146252 70.34132328918783 65.44812493749022 54.694862248333266 56.874224238304166 66.72113658031657 62.4985284670458 61.43087784409205 68.31608900807325 64.14929855482539 68.30285707158859 53.41331969369958 59.95190474136435 66.12183307238536 54.46951577402011 53.95877553457913 59.51668267751704 56.66005404284905 56.917162770948316 58.04765210089279 50.549163036887435 42.32274126553053 41.7217211304077 62.14924757711971 48.05779970971385 54.25758350492479 59.27039164200629 52.036165246572814 64.70748512196366 66.71814651674745 60.89892316426443 57.86390125069771 62.78831799820908 58.856325042768205 60.964885118548125 
95.96555968169218 92.26119929303961 84.99528004267364 81.94783890140971 87.94085831337452 94.35244098300635 87.18368994497341 96.85100993421068 89.72217971792273 81.89920528426404 89.36465615560145 82.30041822941342 82.64797496958829 73.70883010392063 79.14915396697026 83.94710945634115 83.19193286381467 89.58255603033972 89.56611061541642 99.48741666876307 91.14187973717088 82.15991786301552 84.3841410341355 83.11480368746399 77.01583166217318 78.73654251311174 75.7323709688156 71.82667258889177 71.56362618756854 70.52517931404672 71.05114795047585 63.6597336208161 59.77079799171508 64.1115370536548 61.56625474886826 65.9432379128607 67.16926882427786 72.69321037569563 70.84188104813913 71.73261205389441 67.68740629960605 56.55001705549006 49.45684294802999 56.78738860246365 60.59017319900485 57.92711754357174 57.60742476250731 49.81487387755476 55.25214851717888 56.88000389534301 54.37846056012265 53.219497825661605 52.866490562737944 46.766222276699224 51.53628175149051 53.52649675585154 53.31233607891383 53.46622595595139 53.77140207781681 59.27858264958099 57.56756957383483 59.04149423605926 59.33566193460203 53.236676128133254 52.4123347120472 
99.31366229464099 82.98577201966125 91.21055878434846 94.29565299152056 85.11355250751257 74.66902904559379 78.40108449565608 91.37905041021612 93.34444271023416 79.11939871970256 86.08541013892766 86.46998162264153 84.11960127226985 79.32885331033243 81.29621363066869 76.2168474927449 88.49862185642043 83.10668725682844 94.26901457155051 87.63208082019466 91.14620820484487 84.43868165982396 88.2353295108669 69.79982720791462 73.29879379406046 67.50451629878627 71.52252174824909 74.75342025575708 61.75471830425697 65.61265672139547 62.50423717795949 58.361620512423706 65.48452915824595 60.41258515355305 66.42828766451125 69.70961812327968 72.93033317083061 62.94997371797612 69.72767660411007 76.21970920390996 66.66946566914996 62.21282929108339 57.862029784959894 52.70564958069245 65.00923924594915 63.400000382039906 51.11621194665584 63.94731872400906 56.60883914909222 50.34444727658433 53.919907711500585 55.587647188167644 45.506921115393695 46.12142381637295 51.365051020826066 48.05662671826444 48.06448234449627 59.38916985655163 52.65737780822711 65.97763976707168 66.25877372817565 65.71702111867464 56.88380395180701 62.13751977156439 60.478718731149016 
102.38199403823575 98.85856099147168 89.26316665907252 80.00806912552792 83.5357401616925 85.24240103605564 86.75061726834697 80.83936740782228 80.5177473273036 72.28015594746091 80.66511126498327 73.11109266057213 72.81177695139192 75.91202738524188 76.49814105441557 81.92999750747947 83.95591553706822 82.09264069208699 92.75877564332606 83.4072009699518 82.82612211788583 85.47619189327312 79.33954090825988 81.46812413938932 73.72284835103757 69.16407972400589 67.44972425064294 66.14017140301907 66.14026822388148 51.146214870395546 55.47529852350408 60.64932896892254 59.19405206643418 52.4706070795567 64.57604618782402 59.49140106427373 74.13578649222134 77.26755246525659 75.75754590360785 70.10393186101885 69.49024704543248 65.70193372053924 64.57618029934844 65.22339909479209 66.09009129256776 61.27745931879619 57.43482089066744 51.94689271619288 57.08863187891758 46.07877534427402 50.14505645329123 46.85840662176726 47.50994752636166 41.03244891320561 50.64228758602942 44.15060883069315 51.81484897914732 53.76670123613941 52.77975010980452 60.22444708565067 65.3340732582492 54.386382331368736 50.51735122800512 51.84119590419023 64.33314363877058 
87.87659475475984 98.38943671647267 85.00828238524835 80.40335777066313 80.40911830862242 78.45638670668619 88.18922881235035 85.68041039472392 72.03508551430849 85.07932753810084 81.78323008812896 80.62534250355677 73.2004762822198 67.59158878159766 76.32442225149825 88.85113401859037 81.36856316097146 73.16630887383846 87.37907831497702 79.51797284308057 88.35351900799228 74.5906657880139 76.99084156349977 66.23164581054509 77.40819074772836 70.61881042644448 71.53179642673618 62.99014492929378 62.07299935789217 53.624591749587765 57.90246372191437 55.09008835852162 55.84255609840218 63.45425492852553 66.3652163683515 69.82475954819637 74.43312307725327 85.91658990871095 82.42572186623349 71.82633652712637 65.92713296381439 57.10886738280159 55.749651713219755 72.636591665289 66.24984115833519 52.88610826441136 55.02317173869995 64.50133563369779 57.82620526240032 51.467699560683066 55.55024075115186 47.62627585340466 58.07329706642889 53.15427484221165 48.19027554635582 55.50196892372955 51.528790862349666 44.53015873935226 52.74364222342831 52.47596828597359 56.57026461673742 55.242798392773956 45.57478204783181 56.22526327509247 67.45337614652007 
92.37299951308287 93.95809768457889 94.83589840261668 87.41098005910803 87.77209993870851 88.31212540622717 80.42248013488748 80.90933727590622 78.43379453197808 85.8922021609215 83.48160207860207 81.59538500003478 77.9254294612286 83.96898139187252 83.78942221522935 88.08693647262267 86.99030970925378 76.13382745601139 81.50119063053768 82.9059814778067 79.46470042366232 74.42354237255896 75.30828091612443 77.54291398313985 75.70559849598705 79.64622841131923 70.71173602895638 65.90848370431564 62.05419759479665 54.67273992001163 65.05265149055839 64.6646652536715 57.393916233313504 65.17547242766403 69.83869654722636 67.00105111350103 72.17333955692042 83.62013625836698 80.28085350465396 80.99572120467039 65.81851133898765 70.671789918956 62.71651639221922 56.417968855533374 66.12924948852776 64.19835876501062 58.433405305541896 65.07847780161194 58.80290255928922 50.764486134214145 52.53320606674688 53.24599439910776 56.356704723593595 52.497167275769776 52.657488064381546 45.61115450861405 53.96135739533984 51.1977138192475 48.86196641276128 52.93623858099441 54.32826885957445 51.52112519904155 59.23126131563807 65.17327379333634 60.23614931115398 
96.20803048966722 84.65794197219 92.56973991530754 87.96110060606179 89.83754726872272 78.18049903955006 72.76490985762877 72.49318061170042 70.8924083735771 78.60982836868192 82.0708238221411 85.80757551571384 85.86720333529414 76.40502038522249 84.18057323733618 87.033125297959 85.25325984770667 73.67989123356764 84.60625605067094 84.17217111858449 73.33558604704349 82.44513665076825 69.43416108627859 69.86800157674351 77.30839893740335 67.28276576755738 66.24428528845368 74.75785283473022 62.535992490416234 66.9928659922535 53.713176683366484 53.13114087194724 60.20538525372945 64.8666620710378 52.96636107108745 65.62748984264158 65.92081393260831 69.93879127778072 74.294540582458 65.78040501481487 73.86559986082256 66.66148353134521 65.25051867143308 66.61328435989947 61.663177614255844 51.9912161365891 55.88086296666751 49.33828275317054 57.23152338011846 51.12662422629161 49.47817409660061 55.026709221929686 53.5958185243704 54.955472024561345 61.78172641241376 57.01029730795414 48.79006070661039 43.751851225871924 49.41941995882234 40.74152123393714 55.61716168113209 51.23974671906735 61.340919670008404 48.95299561582719 55.2921835324433 
96.94023269699291 81.46159294196354 83.18574449625368 85.74360799071326 79.65009269781098 78.87401203827594 74.44263049451934 75.04801143308255 68.11016120640147 73.18374484582763 76.5779857235828 80.11758951352834 81.44176376978801 90.22086110788302 90.16832438672272 85.53928911057677 80.35033112315728 73.30254377806534 76.02996274756873 78.6372936171203 72.45417304273953 73.4015708729914 74.56229774305152 64.76764481283777 68.5423030064233 68.73180449743938 69.14558480991292 68.19423048347318 64.90729807227044 63.018816074346525 52.06299493663269 51.0457396142991 52.721288761587985 55.728592196677155 57.75515936196852 63.138527206508826 70.78602675574166 73.119938030829 71.1940029711819 67.81895166782479 66.74911414419306 60.969730693604184 66.6678257386284 63.13174677307629 61.74337569830364 61.78575630897801 54.44256857384761 53.59341227937202 65.9126227946148 56.734355070823455 58.62773017191669 54.66624633584382 56.50784913108148 54.959823035763534 54.38675038033118 58.81058407469942 47.928071815799996 46.29805423663183 49.36769461540575 54.28768383844941 50.33052325806143 54.35658514450839 52.17195446752882 55.45435370734424 51.45047533785567 
90.04229228903893 82.31097821195395 82.36800839577256 74.54848740531313 78.93555187780485 74.22186579521207 60.642037677234654 56.99481705104132 66.79372295565886 77.58117832097297 80.5517581229719 80.12770932384412 82.48719724404202 90.12948113171993 87.70740367397538 86.50516027116893 87.84637505786822 68.11327377238554 68.76794217852898 72.92832109500306 65.1619917706014 72.4298153580898 62.09124179549055 62.64577995799539 69.1194540611464 69.29638235421871 69.11957444811561 55.47748949927253 64.99918164893471 69.31636487521422 60.87187156684272 43.59524440109065 56.9064937284394 44.95813609831191 48.58403762903316 70.13536830357383 62.99288124957048 71.97647913600193 73.72290564913827 73.58962834917813 60.438453085360635 56.50793304913872 69.63386883740168 62.32113417118397 61.90983524605467 54.35813147495431 61.31310434606688 58.98301067398598 61.12465974232567 56.93962242101174 47.202422050697294 49.19950282794979 51.86996809346411 43.096963634009825 53.72725795500113 43.67193270551521 40.83649073095054 44.52602859996828 56.74799928069204 59.18823091891645 46.09374430074679 43.23285305995907 46.91032495676723 43.186543516948 50.78462238802864 
83.7227490725563 74.79383371116863 75.90098786376718 69.45770993964189 72.75489807255784 63.67927639077675 56.89336935347476 61.68735677202176 62.79988255715777 65.90713075336609 73.87146940187401 77.7219415823601 79.37402287959681 80.42600686827703 82.31763454015902 89.34423648277789 82.78457518673116 80.2021694313959 73.89556186628522 74.62983490675154 74.1603701079167 78.98593530533006 73.19434136715002 75.47712499266217 71.10933972949854 72.00574361640571 57.81516846570841 62.43990211136142 59.54627587510646 57.4707408189992 57.49324678854168 55.325701774050934 50.47961110994626 61.33732133167335 61.77476993015547 58.495111181568674 65.34618540799875 68.7777832615188 70.7210847374935 76.57690098053872 66.94851083459801 66.23035863808319 61.753886496089876 65.60125719021745 59.44855120975402 61.64470931411229 66.0237425257068 59.99532123006185 58.75023987734465 53.83088562568179 49.415008834670914 52.30734198091721 50.51936760759193 47.62298217732659 45.91833486367078 46.10094908689774 45.203750738968495 51.42748398939547 47.229215868371895 44.363983437131566 52.325845025980534 53.97108160402802 43.08915618943195 42.37253236119146 47.03474853272813 
74.84113460071083 82.255031093071 64.6373002447578 63.47163574798827 69.28473159512413 73.16325595450765 61.4923092832142 52.37574274223822 67.7740318063538 60.40061186924328 69.2803972414869 66.2830026517236 77.8553164439492 86.49066396690702 84.604438974249 76.28928140008031 81.08755124769448 71.13268306647313 77.36830996190288 70.23171215278639 68.31463793821871 67.21100311198924 77.14293780283856 81.33914989058012 70.0224900988276 65.80246780721025 67.19401528040953 55.84169960518359 56.559940004327245 65.50063045765091 58.35573077445241 48.6662549190002 46.456964851477 65.0771146734718 61.04805345383972 55.53985562179387 62.30014812077175 65.94517241794135 60.964107089011605 71.97029211973769 71.37882241004546 61.36687474781314 63.54671521884635 50.94282292438193 49.91966560874577 51.010532247650694 65.51524286964849 57.076183995093096 59.577633329361674 54.90352530891976 45.20957950941954 44.27212259720216 53.2710288642981 45.46644584025424 50.54279908806093 53.63515585301868 42.4441951594273 37.26932338788258 47.68875720986152 46.00415426500127 44.56771697465487 44.74498497862421 29.56151653550608 33.25900014808229 45.9818824968974 
84.6392938963106 72.77397066895776 71.4603345415595 69.40337990193028 68.21533757729752 67.14078490075643 68.66516861086815 64.94659952011182 60.09132660540632 67.16570530463397 70.44522641687931 75.87678605663329 67.64509014043128 68.31950040596234 74.4302644417822 84.35198450008428 75.92864164069856 74.15331698258655 74.00994776998621 74.3718836775418 66.28950045686516 68.02243920730157 69.05716655330846 74.03549813749477 77.43208483873818 78.79116583112278 67.82544557850285 60.75388645587708 59.036916553449075 65.68502386954157 58.41390441496479 58.54585736571075 45.23280222939264 56.35220340956414 58.96624849048148 66.9619168797362 66.42748700297258 59.365494868617596 62.806702147042856 68.68155307832146 64.2594188642887 59.766983543525086 64.29267096152222 57.090881922521945 52.58729473021134 59.65940602376242 53.88572369096757 47.45524174662049 54.102031589082046 52.731628601036405 52.05230176755987 48.61078658420905 53.74669367879787 48.341848904416466 52.64710734517001 55.295742519172435 48.796556004934686 46.37550769934406 46.36297377113257 38.98284813142179 43.535326760658876 33.99251753970121 38.09759571854221 42.27589056976166 48.197952337045756 
87.68188918992561 63.994457107544655 69.86204547036827 72.17213928913455 66.6420741088994 59.591589853449264 65.16628778091511 57.36244715730844 62.06745439692068 70.60859864941439 69.09438933394759 65.193209468856 69.15051927243127 55.59875455540167 67.53455094290835 72.7673776944527 68.56463383038256 68.71932956680432 68.4846487968106 66.4346582497894 63.933514322522065 72.2494404551718 67.47677069512697 75.72362907865073 68.50016067781289 77.05958358246838 76.24994046655891 55.716814663808776 56.26453986298213 67.61661657848465 61.90800688855721 46.73296198093291 54.32395111233093 65.9777722544652 60.57139938702389 66.55165345385637 69.84652635851592 64.06710082956198 65.47218702695989 60.8160628926896 60.882834375956094 60.17126018703563 68.47551201298828 50.44132899336951 54.9633076021728 62.18158376000118 58.8663083039817 53.75819537407635 49.771971042936485 47.58160655432225 55.44355355586501 54.1336203848566 56.40162184918336 59.05578946108397 45.63265312320197 49.05488117080836 53.31114895575992 44.63988009830446 44.57283618645452 37.90899849098226 41.90286021903455 42.71211911323208 37.286384335823286 41.205658209289226 46.273721033185886 
70.8312725257408 80.90469801189775 71.8559974161608 75.83335620112935 71.03178520796189 59.42571140558108 62.274320292230186 65.76854261261889 67.11591068203643 67.77804749985889 66.21015578485594 70.94585333007507 67.64983876379708 62.511466845919884 70.31457188808035 71.07395930382319 67.86602597009522 68.96385151200954 57.16531018896342 61.59972289558068 59.47515793998551 62.88691802524371 65.51789729318176 61.041878431999955 61.54700125845476 58.06257018201676 63.528693047630355 59.780772102301086 51.55753018513191 59.14355015022308 58.270960363768125 49.565441088624816 55.687825516647735 64.27196824205728 70.2976987605631 64.16371766138776 65.47128661276938 60.965126074135554 59.92608800604084 61.44328758282815 63.2464322640328 69.12887221084416 66.36926407351189 69.4042084124857 60.42810997022353 56.17562418631923 58.32876384711701 62.24400123940684 52.50829371028179 60.521296437793325 56.885920402892 48.661141614662604 58.25477698784913 60.264731761608346 58.32720658389101 50.508707486094686 51.09316819666889 48.21699387841974 45.91716911994602 45.00209688106267 38.364986451382094 33.21054797242242 39.95328508090998 40.19334982504543 40.76402002596365 
60.83322604308928 77.84064857114099 72.79998895553794 82.31864182558051 77.03432220844803 62.71527364918742 58.15294556045392 59.670756672985604 62.31533540080356 74.1363786248243 72.24008301788197 72.94286639859489 68.47482787378212 70.38379702566593 72.09922829470966 74.66798138572264 68.45381942897859 59.274009493165195 56.703759030597425 66.66069571160673 65.83463133717636 71.17674694196978 59.553581793065675 58.72655730469843 49.53250817968249 54.78462518768944 49.62405690380159 44.984582744884875 56.350756301427005 49.18067857374061 57.11537930937438 50.53070539606971 61.85151773253686 73.6207208870419 72.48849179895703 62.7703547830812 65.32609234059251 58.764750938233334 63.56568857242995 60.34448913150498 61.40357228030991 56.88741341288568 67.20356570241975 70.91476621294488 61.10923074507835 69.74611290571491 55.00845196631879 57.93228411937177 63.12051775830099 45.0338982149681 55.395806474569454 47.13881829779491 61.61284741387761 46.95226596974191 49.963200722813056 65.16053819691517 50.427037412075435 52.69099306375149 40.315495191386134 38.446902820747766 41.63219584514627 34.73651769533822 46.42232281767309 33.032077436626686 41.19783878593249 
61.643241201341134 70.73970369162018 74.33456806388128 71.42274103711969 71.81756415334509 69.49751492786427 64.362780501115 57.174139169035854 65.61825987065345 71.37667176688964 68.23632365955314 67.6690333048296 75.00575237652176 75.50280247629131 69.33670429191208 78.60530724573931 75.17691684913008 76.05071977598541 62.20081261187859 66.18136397855588 67.08855291231342 65.64630651270994 62.597328282271015 59.81479802837671 51.558630662756215 45.95963182911102 49.27749669622398 50.38310473019163 53.029211759072396 43.68094035498642 47.316205623354556 44.06771143064759 59.22888359677082 62.45863518336907 68.03639587770095 69.86806134144595 53.10387986947531 59.04790530509223 62.10089218098006 66.68371119539813 63.15465577200403 63.75142289545554 65.16139387129952 66.00896942807265 65.39297678776931 66.78078752323361 58.93149598073771 67.6113692805774 56.77293140768596 40.881705987518146 45.474356625889754 48.22212235302848 53.3525367742827 51.87132458483646 49.033523833532044 56.521951928251944 51.768105441171855 51.46308632844745 41.84066376407532 39.71988559169964 34.787273294214884 32.62425133879374 38.409151119151446 31.849716646017242 33.684035519482784 
74.16330283652015 61.709961945718405 63.76354354865249 67.18411422106415 69.4243334679376 61.76156891079415 57.286090703249364 55.83515380152474 62.09577467027118 67.94459546146136 74.007929492885 69.79805791596738 69.92331948317945 67.86330049035266 62.58750951594561 61.88090599293079 65.28577972584532 75.5677038442297 54.57818491989723 59.81952688105227 71.6508265224048 51.96985926174331 57.57029173139166 60.219171071575545 52.27303331848689 62.14507151890549 51.61713668439716 54.35182681356045 45.103556519193454 56.51409659687215 50.31804658329479 41.31875428797166 58.18292622725292 68.54044538167027 63.62635877001907 65.70643901706498 55.18820172476736 53.553224844618896 66.39467930464372 62.06306524191953 67.75861748536543 58.05991278614695 66.70557062979643 57.647888399638006 64.47340771267247 57.77329458155616 49.82478148648072 57.932486519920836 48.37771081112817 41.6054901644492 52.48156420074079 57.053389852811904 48.6096858177133 55.477563296102524 41.77646482761132 55.371517507586965 51.822536177115424 46.82284956744906 43.383312168594145 45.77401218817978 41.96616492989999 25.748621016490727 24.77302857236887 41.516061544554915 37.450676617444955 
67.80867126243889 60.45090524252548 62.82821957813431 66.7382705540548 70.1362444562885 71.78682777089531 62.54316087833202 61.11253040815265 56.94399702602513 68.16654162647208 66.46925067018384 65.79495083296698 65.34993444026618 57.394318108689404 59.688482907368595 64.12940707979443 64.56478700275909 59.938015365300004 65.4791961496488 64.7416619826244 62.608044299825096 56.272816488779085 57.61881330095793 56.702146965205856 54.10767953034977 59.92315080671665 58.95853002426244 59.50613452699072 49.18570706032503 49.882164628436016 51.41461675589023 53.68474550587217 55.1601998295197 57.40804629915375 52.7429825619429 52.01136271980503 56.9029196197086 47.41390403836204 51.41642952246488 55.34900707917822 61.32638742045536 61.5998785334212 61.62715597646908 67.17607238943206 55.64576673645953 51.43584407776453 45.309089491203515 51.979309582011275 46.34583828116766 50.18382565219988 43.92144935647188 42.15079178326852 46.18036434167736 46.3777976774828 52.55667242788558 55.218799115081424 47.53201659603974 46.92283935941856 37.77842005802688 38.262299032757966 41.187498050667 36.16038108517195 35.54470904705768 29.32817154577669 31.019705600326702 
70.62556426477546 57.70782950914988 62.132989897149656 58.42006701593416 57.29205233756584 69.13797655130226 64.89008591898043 52.715578486561 59.99830518495849 52.44752643175989 60.12524945865617 69.40131593846968 59.003052584105475 50.15811480924352 57.23438053381946 56.76802942555238 66.50453109197085 74.77292804555772 67.07244277101202 69.61481736526501 70.6665227410767 73.64266511581768 60.82774585517793 48.77010564501484 46.80692294157568 55.09592902851912 46.30971530936928 56.2658058218247 45.42982791600766 55.0635516053626 43.53274100099444 44.850405914594845 51.514719822667914 62.11834053954669 57.84997305624928 53.162320099404496 61.18287826731378 52.881748990190815 51.035577583995845 59.02370431719929 59.145295253376815 52.49272674096121 52.844783662767064 52.75239028582395 53.919152323814735 48.355459626627436 45.93596372104024 43.29366263264153 54.829826084758125 42.343648591234654 35.09364390109709 47.248569322674854 52.57400965645254 45.63402871919511 47.59807832369404 46.150481775014484 45.38682109012382 36.43955663030119 39.51902268277405 27.86300248583364 47.276862102461905 44.18766794673963 37.091618006386845 30.051176286068852 20.495331413213403 
69.66598331259623 65.6744249798 64.7956884309201 64.9731278193005 55.92349818779645 60.536983084293034 58.48182565263578 59.44851188488779 52.30953124874226 60.09809529409357 58.20077511396613 62.24999364943995 55.64222749996593 50.06574471098483 53.99246395793908 50.56639960517181 61.27089931993932 71.55984502116539 66.55879743592976 70.10929012745297 67.86414780925213 63.33336711306548 57.87741544311076 51.89012639360877 45.71790970971712 49.57798402623667 46.93535296629407 42.909658920365274 49.40894368198517 55.02218736071684 46.31764959503862 42.124385485910466 45.58346586262692 58.842078232436336 60.67459569441879 68.13073645834095 55.32035352040057 53.78040270903492 48.9405936918576 56.376678376728144 55.19762126738726 51.30554938766909 54.57990524957277 56.797851181933844 50.99785934594872 47.04614693049869 48.49095611898353 58.32514950303905 48.592957322775 39.87834139530234 42.90749373950148 43.31270762790295 45.41414387883604 51.869482426973626 48.66351978029925 56.15833901552521 54.00631653903001 46.87018159255109 37.327123920281075 33.67385801618314 38.16789540235263 36.86268352337808 35.737193323602746 34.563868617952394 26.40337978488848 
68.8171648460719 65.36459074843975 65.26509898815672 55.83914575507168 61.026980464974486 52.21833118624511 57.09710752337699 60.747318473316554 51.55528578749194 44.73003865755691 45.141912310339855 53.03048434629804 61.45119756890209 54.514350834586125 54.21775940531849 57.271565561447176 60.28003372120867 62.70621517261779 62.774929451195916 64.34503044281422 62.04490246837542 61.912574748292975 53.618137189776434 56.97184522168159 43.71312511305892 45.67850720906803 44.09349284864382 35.02050637741897 50.88356642872952 48.70522606119045 52.45847923337216 52.79332794497847 44.6232432659794 64.29309823864443 60.79949321075542 54.86020511796602 45.281176285685675 47.23358172744414 45.6234618731262 54.779524053682195 62.76906998221006 54.73598192827157 53.21123965662871 46.1946218226344 49.77669174442935 57.00774230382632 42.10954666132231 53.75790213945154 50.48389750061686 37.538063123348486 51.79218965001709 50.309442590306816 50.39230221422974 60.1202388378418 50.03068027939967 57.6760717734939 53.77936460506889 36.76350833012775 37.589174980456505 42.94404086162569 30.011241375619647 33.26011073910154 39.59134671256596 38.96931196989708 23.675519339637784 
65.35523048879256 68.20532602310814 60.062778572109124 55.82634765371784 56.16064854745914 52.339317806585726 57.35952787780553 55.39317723724281 59.18955626407538 52.47202324985062 44.91581045470305 43.20356355994913 51.047996450343 46.75887813565629 46.655160873823704 55.545416835613956 57.37094897371142 50.67801592490558 51.24974209560785 54.87758462313717 59.18082740386994 49.561944859196714 49.97094124722885 47.503750800020484 48.62631737094591 45.47766158779178 50.268335371625085 46.58476823484435 45.736390892169865 44.17529187004604 50.93297625750539 48.79545038725678 51.493964622040835 53.11835511002288 50.34357406484967 59.20705555633727 51.778105019234204 58.03299791425422 53.22897328334639 50.8196073455271 51.27524538239235 52.82641349141976 55.428424416701695 61.22159013578964 52.85131378053794 49.296103984174195 52.83743979054688 50.88867434467575 50.400291550871614 51.91220718597378 55.44768986833687 62.07440824031653 51.43445681452941 46.484390487110176 53.707709671056904 58.966552115310265 44.43075163532517 39.718675649463435 36.27996213859049 36.296180408504355 31.029555023602192 36.04968072497569 34.172746530403025 32.63641729606307 31.224929008509598 
68.81134766695119 64.10849653468044 70.67678814470324 61.688571426278685 68.64345772316068 52.48150081012842 49.82633829802248 54.6550940557581 54.264682762900236 56.66047813104382 52.877954664159404 53.71839917449649 47.40419168236917 43.02702980977317 58.728700694333554 48.767035314486215 51.851870403217035 61.03796724758348 53.858055595047745 50.008806214895266 63.99307578011045 49.696862254913526 47.94634948338011 53.99957764282579 43.29770235316117 43.09949096657761 44.96493420034065 53.1905388950015 43.60630771150265 53.578541863791386 47.518706828839484 38.9018946152318 57.08014978462319 47.42930855014487 49.98491500417789 57.24740619669885 47.35548586137024 44.164312136141085 55.009458888011594 47.13386978300452 58.43118283370188 62.18967590340332 59.7233334085497 52.978149384966095 46.01845965414287 46.603649930330576 61.96299348448067 49.14977796762554 57.9059683203983 42.26047242707914 38.17920550873975 37.87150914740048 49.06280252451708 34.76224480215346 41.73791063620163 46.562828127192894 54.023305302502564 37.84168239305407 44.41052408003769 37.20943358326053 31.352070522300316 29.16391758048855 27.82780979076124 41.44784942355099 27.332320327472665 
56.1909508635782 54.07374512947548 61.031350006902834 69.2979870760987 66.3332735047793 57.592981620936044 56.17579519374519 55.9401190454483 48.15944449574401 41.96616072363784 48.281956814744376 44.3521534314791 41.01347471904049 51.94538978400661 54.6036156427453 53.15209798533871 47.76152440456479 57.62257735620361 53.88851754946319 56.677428319232035 64.47594922675191 59.132092131788774 47.24653359087803 35.371715918838596 46.800644824453904 48.21228433065782 46.41564629472994 49.1537501667443 48.21408891354022 42.97750263377175 44.2481828097904 39.487618673624894 50.06795313762541 49.5729547400765 47.45043025591109 55.07687149990206 51.72073301475798 46.78108829206924 52.71095348673981 53.782604755442264 50.93253344404935 52.088314285790744 50.13217540494193 51.520414917473836 43.34959205391529 49.64405616599511 53.53559408805733 47.17177961440453 47.18124739490959 44.339403517239305 38.346058150002165 47.23554647270127 42.51597246939261 38.97655905589261 38.97034164883936 32.53261780390427 51.37565833161676 51.414142151810964 42.12013728124208 30.166976678076544 25.395534810421275 29.393919239922973 28.123502860194684 24.07923120930606 33.950279086381265 
52.56041279224064 68.16578222943242 65.70782310342614 58.22180768788728 66.69856869723698 55.0486791071168 49.85025640975722 55.30150535896214 43.49269011016693 53.462261774178245 44.85642049845575 35.96527833204605 49.82756071258697 51.80602125325234 57.23484250738314 55.42893322987419 51.55719809567298 57.43972418499921 50.62011937446407 61.62391188885928 66.35308941166288 55.01901369138665 41.44694919557867 48.94240381637836 45.56735845095866 43.127439096715094 50.60762121139226 40.54265758102515 45.24087872166014 52.39777458330306 43.515678346814475 48.99335273496557 53.291625132479965 40.08630848362749 51.539676313048076 57.535951366621106 53.88209926534801 47.54491999580996 47.28250754348194 50.112010798137845 37.75879579151953 43.388780070311654 50.84226633616633 51.01698860591322 50.090572156600146 53.67660710199465 56.64420890414997 49.27810587884056 37.67706369689913 38.9950937576301 36.58501829035051 30.138654735474674 35.25672513228528 43.99775238757966 30.923250260897536 41.467920498743325 45.88307514238616 56.54637006314858 38.70682619254124 27.750042663753952 27.55411966290274 27.561650744825535 22.461714541075253 21.346283746344646 31.123192251072147 
52.784473872409905 51.1227773176966 60.562021458544606 58.530869157411175 59.91694562102601 57.069626879856074 59.17222813660927 50.7776321225807 51.61161741858345 48.795387855282165 44.91640653631849 44.100087159414855 49.90116709481906 47.25568148667179 47.814847807600145 51.91847916899251 56.53118837152553 53.17588679015527 53.54827816519865 52.03454853311542 51.385616604379365 42.556381583834686 41.16347656662623 43.62522266907891 41.49298876323742 38.95609155036942 41.60539495057459 35.53231674316736 42.12163906274873 41.345920110730844 41.41841344487514 47.024470648694106 38.452119819100595 42.08816375193466 47.67679801268872 49.089816701813945 49.334756528384986 51.36773425713736 37.324298074386626 40.22916603420814 39.028020241682505 42.04819249993295 38.01964849236387 42.0457218989046 44.25142917971505 48.665078494442255 45.97600425782352 53.91691433662977 44.717964400269594 33.0653209509859 33.485314909209755 35.105751720011256 37.98884676979415 33.5627235771435 37.14415860036678 46.20117682268617 47.98098270756678 37.875333692735964 38.02590331084127 34.10935740004703 31.216439241533973 30.54891970814774 25.941046798682105 28.530523371635176 33.469468082544445 
66.42580711120182 67.28945199533534 64.32414499545361 69.50723752303367 66.59349422168499 56.39158511188305 60.5787059547104 54.08958100019339 51.83586358012846 39.57755177853249 48.644136435160235 54.207398753531955 39.210669329130994 48.91782562226955 45.93404803755658 41.5509578557414 52.311709359780465 57.613190636865475 50.6941591933037 42.22067264799273 55.52869423567941 52.45907516494772 46.70362625267893 41.22200753040873 38.82868892490781 43.6939066449708 30.85418748558089 47.71639642247343 44.27869389619564 29.20823509540011 42.40362102382433 43.01948789850405 33.556692235581096 40.15466441166566 48.67198136436073 46.40140801907328 47.87954218051371 44.04282256540778 35.280719597157 38.426261116161896 43.08530117689707 39.681312876704204 44.33256055090326 32.718113833612065 36.90677997776654 56.62087688264426 52.53517361925495 56.11143409033687 38.11745043668029 29.99582381816849 31.771310750006815 42.04199488604686 34.967370142636646 32.4374686553186 41.04517927976998 48.66965899266579 55.62425014533167 27.336331060761946 24.838835055972027 34.34690878406498 29.402729588272145 39.902800920221566 29.402145703600837 37.20067611860448 38.59505381783636 
64.0482477807326 67.46782197429468 63.08236635843687 72.01772712754101 66.59584938882367 59.5874387459899 59.125278295052766 63.19501285615132 56.36800684566106 50.3633077974026 53.86499780166652 49.02100341152646 51.40869630871556 39.770264220822455 52.54282813079943 47.568046737906215 51.1710244044306 52.02478005960585 47.95634559782432 37.99284558383804 53.552632784083606 55.31398305331639 49.50128076976269 40.30571571376886 39.177821706582996 35.66188883084661 36.88753469726977 37.90538805185508 39.130414222851726 43.07802891461366 41.71957457029865 41.75949850261138 32.52488458086167 34.744929596680564 43.56607663616573 41.28049456688792 40.950985624045884 45.37048149288917 36.31629709342986 42.538415354526684 30.787187570635353 30.168365359703746 37.48189306037301 37.269458749379965 39.37520844963832 39.60247839036121 49.22331920826808 42.04115995324887 35.888974790364195 42.72259794227884 34.822438913071785 40.748595635224476 37.24354545689245 45.612900980668 38.8902619951191 43.70303711993849 44.2967750657714 34.39289873803219 32.090836008868116 32.7328591260065 39.572502874123174 40.891108845911376 38.058270788221535 31.340791315350184 26.422043886486495 
69.81051953502393 57.935623512811205 71.46955268454903 60.269320742659374 69.38942707998166 64.41642348628986 64.09639504566618 60.33947611247301 53.53984568334367 48.8669183873262 58.24000124687869 56.363678426216396 54.43293801954811 44.11034624828987 54.50508326719847 48.09277201322999 53.95497931484665 57.116543654558285 37.92849153773639 56.65605662930679 52.673112621889054 64.05988260768682 56.49906455012594 52.908405748762775 34.18380267511648 40.43246715741967 35.60292447184152 42.80575255360132 35.86660903006317 31.24621066186328 36.59814412016378 47.09322054863891 39.33682143984328 27.10314427477671 29.888544272472032 29.730026753431975 36.33433944566035 28.600654171370806 39.63253212506123 27.088844630746806 37.04026974030606 26.377063938966963 41.7008944438679 29.622904020601975 39.44413088210682 30.79686911637844 48.608756196805686 32.35626138603825 33.07484718626684 40.8032951440409 40.376501157284565 30.61959365588949 40.73898507758713 37.68967229459103 37.072615698898716 45.19173041968745 37.253078800052066 32.019061034619895 39.08745011968307 39.44874656927712 45.83005118285431 34.29957130679412 42.88211234297265 34.41079913303939 42.13095484873827 
55.630060996798846 62.21536797868963 59.62839889198578 53.4389739158042 59.18966463794243 64.01728448288833 54.74916729075548 52.40207191828938 55.05696237913265 54.49093597490326 54.36043356080637 52.90234327710469 49.17289098986561 48.3198238545108 50.05236369683134 51.536940412927535 46.39940854647929 47.64259538352335 42.09215435370591 43.80326039397746 45.55648819096173 50.9134656534767 51.798797357014855 48.41140680381869 41.44352666082574 33.93668523253548 37.474688065192765 41.829611907812875 39.13419524387557 40.86217659739079 42.391148506695494 42.534994563035184 37.33334313731834 35.78804370249233 41.1970387285844 40.50700757330095 42.263358636856154 40.91225258671912 42.37641328737632 38.13314333675247 41.141636791972694 39.91374353227479 41.1046748786342 43.75747645826733 40.092130490048895 34.757538037013774 42.281684250556694 43.34062628843376 39.07987069151914 35.84087313942793 39.11871839246857 41.402446642562026 32.229258293946245 29.76221722802741 40.63487539185881 39.4254037982754 37.554142888245416 41.48055309548268 46.137790400629214 38.81180005862328 45.000221830771565 50.77636471480958 47.62169018612787 43.43624361369814 39.0522368517194 
58.34471979139647 41.46759092086818 53.51842666502435 56.510122041706595 55.543232822201944 52.971194071634145 55.30850267859758 48.0880908270707 49.00936254149231 57.10111175950521 56.148560298149704 44.80410028042244 44.019656998504814 40.84568759214865 34.05389372324656 37.96656624247514 41.30489098742133 45.07158122045294 36.35682919853483 40.270100733473555 30.912339246294174 32.05834350469986 50.98030858450947 32.40906485363278 39.58556025311493 27.14406256613607 32.59302405689969 26.30929780811313 39.89652290219469 46.23674303752466 38.11521340096303 28.87135678068108 37.758009690500536 41.73555367314897 48.040187617602705 47.521875213345176 49.14429545659236 37.76742093489 41.22313668507188 52.645221950542336 44.909308578751194 35.78919708545007 34.1494105310729 42.16070182824054 52.01779708862249 48.968583060205425 46.940970577789855 51.4723312209084 45.10034052376161 31.544045348958974 44.709521585782184 38.81899688313051 37.29466229084095 43.49572158304358 45.84090592277707 36.978171498439906 41.80095016625559 51.910114266008186 50.09251183394523 54.15430865335872 47.4851418940747 49.75982715954969 39.58401535796847 33.62197721943596 32.314983689125015 
45.404625593113536 55.0934814062267 51.57859873624615 53.48664321911568 53.47498429061268 49.679662637034156 51.63423853605502 55.9864208651641 51.57569906609391 52.86429222633471 54.06338658915105 56.6963860279014 42.87130242620558 31.5450927837742 43.35987803552714 34.636555076106696 46.210909819033425 43.170916965854026 37.956293349983994 35.002977039032444 36.212622760873614 37.65365594258332 40.19211000555022 41.24335370050436 39.61256523703939 34.15514559717336 30.555480890875383 32.65353267415786 32.99090352205876 30.740539652067934 31.31989180890462 25.026022754168622 30.151350731100834 40.355770979275135 41.80303949419056 38.54793058688182 39.49363048661607 35.533342137792445 40.47103456189329 42.49368922870078 44.98843617262047 40.419463273523945 37.19158606466121 37.14588375084934 47.25197520535838 47.193693771435605 38.00948648502701 41.74306918002404 36.46017759354494 34.534285694261534 35.37481666273076 40.2685971605954 40.36028924853372 43.45118301503666 39.387945133438244 47.956083072237824 45.61968312968324 37.9251301694532 48.57838601486101 47.00394440840232 46.21721440302886 44.370765452729536 39.55557354240237 38.94945017959934 39.6057604704205 
40.41882473508824 53.269300294602594 39.53691106783994 50.35230944992773 39.862215488066994 52.95132203394766 46.4897977174125 45.403566838881346 49.981952584829884 63.534421505281 46.936491545256445 59.591333138009816 53.16875903108456 34.735870503958296 38.73229763505374 33.8275482165485 38.76481115150945 54.29797000293717 36.63267016904177 40.08442062500978 32.38382974060471 28.9483779850475 38.13740964603406 30.770397751531128 38.11573805413468 21.443689731951476 21.192214654234455 21.526532011161905 35.39136568699669 33.68421499119283 40.23642213598756 27.294849702374712 27.883943174305394 42.98380475983984 31.78908763646175 31.99719375449495 31.76823098851141 32.728831266668564 44.27772413918374 33.63652504117499 44.486433599351216 28.05921483093189 31.6897908913283 46.97335780053341 39.5559518247689 31.94789381595399 39.25878389198051 31.00873515556601 38.330875233731646 34.18018940794671 28.604441447824016 25.519661955565663 33.55053238593408 35.910223442748546 44.60408438523099 38.89190407827166 45.8507923461703 38.441373431676794 45.586514451622975 36.51974803502164 42.960480405947926 41.21885885068184 39.873762039365474 40.4370449268958 29.220974125474385 
47.12471867566163 39.40230640857825 39.47754604774024 37.85341407115124 50.10735580663904 48.195166772637776 43.52885688703125 39.98184162252023 49.497599130101094 56.01066252316896 49.81974972308464 43.92281889624046 47.0697130634344 51.12758171565294 36.95064119713332 38.3178919329365 41.06937990984147 48.95006814563007 39.625224295247364 35.56551009387272 39.0338075672243 40.24265552347578 36.1085571169982 36.53067671465071 31.43945465278628 25.0081664214946 26.380396654292344 21.172369757056742 32.89441764392709 39.53485797770752 34.88522103987509 26.017049191571573 34.97392203469391 36.939034552441285 29.533805369015496 28.508345599171335 35.399764352952786 38.824932691970574 33.82004263256841 40.083853026127734 43.210464628355 31.56837418275569 37.81953361602912 40.269119617711894 36.805963030946224 41.10241764206323 41.741119497789455 38.81690180640027 33.519735881989234 24.46374567511203 29.013308762690645 31.433707170222483 37.310578839626785 35.6347582536563 44.953043827923295 42.023798176646466 47.35919991439481 42.49689129411328 36.69186080093996 37.61015575888017 35.187105511556645 34.629268993865864 39.728036459401 43.49700486170852 35.529843879791606 
53.78093402949242 46.97505981839434 42.52950927380837 50.862798920166895 48.688235173152364 35.92155126895035 43.65271225978108 40.99613718349325 52.381133201156715 53.55423492298506 55.35630989850563 45.35335651857457 46.86173753164524 51.102437100719555 45.27401881288219 30.149553955539893 35.69622155545714 43.32569283131912 38.859928463337035 35.54673249529665 35.550793269694324 32.094101043384796 32.96442273092708 26.867687461805914 38.46337626919057 26.546117592856646 32.513268025120354 25.402280874219937 33.31495434806093 33.53967750505214 35.6406502818052 18.45170033912045 29.826273224752928 32.79396538315268 36.62916380472035 40.18704956260598 33.26818535697541 27.702166158565756 38.383789202751856 32.18915036672878 46.50780788906239 28.539356326004313 39.407533642724886 45.46314595620409 30.89238819201987 43.22283258995026 33.81317580538402 34.6885325763134 33.74325904347488 32.238376963375735 35.48961300926342 40.52579625393512 37.22367963765581 34.20349715500448 34.58991672902887 46.21168888815866 43.24435890093953 28.794159158715168 23.02415955125 33.167731204335745 41.360606413493365 47.406167006401134 35.79733078041337 42.66426809749286 31.861688746661258 
61.46418467079637 56.980302786490824 46.865862539758716 46.39593336062862 47.3971714100798 40.351988793481084 46.42754806595827 48.5746246705835 50.05001956000979 52.59376194898449 52.31655788318551 51.735479459620095 50.08643128663538 48.78042065395049 45.51473291402318 33.51185994782214 38.50368393884766 49.19056871481876 45.81698274491989 49.4486010069798 39.198329880701465 26.991178829951686 35.91395479398761 32.34834454255358 32.679685053526676 21.49993283608759 34.357248747859884 34.9423424984454 35.91027239471533 36.5646121426475 30.710459379553573 23.848728914266005 30.370165303907655 35.00305125869121 35.085232708542975 28.07638079555968 32.353346319660204 31.999505751848673 39.835027511837694 38.82274191923728 35.67119052257155 31.857970381414518 35.26539252584753 48.741359558161626 34.43048939879331 35.252891016118525 30.190646876459986 40.131005760501814 39.192963966817274 38.4037280062409 32.892521242951645 40.49630255430823 47.35323030406582 43.49136856469768 41.659497994845964 42.24399914053265 46.459275481536736 34.38690770489919 31.873354240394658 34.75211122270882 38.866205525926084 44.047442279831685 41.481280924196476 40.412989070683196 28.169016709508547 
66.68134146269344 65.19562873048383 58.65455862041641 50.251074662489806 44.57880876308192 47.3486801602165 41.21165995736084 40.700341155012154 48.21140897738029 53.36517280302252 46.56207586348478 50.88175602355767 47.930198509665985 48.52439307181135 40.87223825890558 40.23135731482455 47.63383855705972 39.63036894007428 46.93100841987267 44.80693766032137 39.43768381242181 34.940323162161796 29.212140847813572 40.11877325367523 31.452614561855324 26.34628872741753 32.5239203452263 30.46122254461578 31.63242279882972 30.90931412904428 37.98008307173845 21.236694823196885 30.61373336922528 35.91007949943148 33.980551960817245 41.51178370872354 30.426708510001482 44.933424209301776 43.19042320120287 29.58220952731625 25.54435174989961 26.416121341408925 41.669372912745814 37.622331013579256 29.33049507848434 23.497644823848482 32.217570779807716 27.05797561398905 36.72705421014891 31.950649041119163 37.7972834464539 50.038122454028304 53.402498919171364 43.029256140464554 40.90124866889862 38.029265606992 43.878836790595614 35.856457991720006 22.12100996874804 31.045298338191948 39.73558567025459 48.71338892154016 36.3591270681207 30.13723981545619 26.69935558841035 
56.74984255896739 58.412768745163206 57.3847179270517 54.97586042755344 56.772819866156716 49.19820341077614 47.66396393615178 48.87530722021458 44.64301513104558 42.542463874666524 49.896109922942244 57.39495289195016 49.823072932998386 47.23760835392267 41.849792789582466 44.208778843759504 45.98573074358542 43.59587108579841 39.77425891366987 40.33232063370001 42.23759283146078 36.857852754006224 33.33048847717638 25.326213617052407 34.001606430706495 31.027299332973673 33.67092434550938 42.02198276074051 31.896304383283596 36.20144798955515 39.07421379065138 33.42066833374868 34.59848523678946 42.72416264152967 42.643376152179684 41.51463073884916 40.05893041538294 32.314412063377965 31.18520996199084 30.393551043694377 32.90412069815124 31.622183924339883 32.262523063939994 25.266842901537657 31.95325217454387 34.27042238348815 37.206085066637584 31.63164422533187 32.78578106629914 47.20563735294357 42.86718078816969 42.609676563581644 45.37825255776772 37.337234923378645 31.856169394997664 30.446784157964697 33.349877547225084 38.02660577270469 35.55055507907767 39.05543430134315 43.520583290269855 43.03408869822722 44.403876562838306 45.83874964012542 40.07825093793214 
53.939649662644115 65.76377201921858 55.93119701066364 62.4182595120804 49.62197886697416 50.75913379115357 43.28711220550478 39.34920120381209 47.17292705748558 37.56955601280829 37.50492213632573 51.347982939011956 47.69518053370244 40.03971938167975 36.969129290172944 47.18509975310481 40.78405382465574 35.2892936537845 45.07030273454947 39.49879749124574 36.769096946897704 36.26821325527045 35.1490114045597 33.98186618190652 31.816507031507733 27.07242158562876 24.085203976252917 25.88716362111879 36.99191231478406 23.95722030721563 24.233848339918673 31.88514259759505 26.745543876900197 39.08733404647315 38.893812528898266 39.66378073285996 38.341502494001375 42.00130680927872 25.249463781447027 30.68098902676564 20.56658527190601 24.277013054559518 33.84957684978937 43.00618453707584 28.507042104477485 34.7251049871191 42.60229523882608 35.63655122167185 25.486370662366937 34.31254911643169 48.08149943325269 43.74074362167317 37.57610097284861 43.177610287013465 33.68293540789789 40.478978285897796 36.749515914915555 39.36807657999903 42.64748055696899 41.096774872243365 44.96939732480084 54.54428666288828 38.041834429922616 46.40490415622982 37.95621652335282 
58.49570909073477 65.20775364321742 60.597481385551646 60.00433713470681 50.7703390581905 56.5200776987091 52.038536335172715 59.50556819967569 40.37592732805002 30.55333169382549 39.44173194588959 42.523461240468635 39.12101340108272 42.56817480122743 36.669895348057075 40.720788673594896 37.201395253720754 42.70163313807814 39.073730897036484 32.62739285147068 31.84586835928014 25.551817370945976 29.092817801336842 29.15378360042003 30.810763155537586 28.399412604481203 25.388426485809347 30.153359573157054 37.18718145922876 29.113216156928317 28.060815397477153 23.171371464639464 34.85927036324799 36.47045719494011 39.69949610203969 37.73144367773202 36.526749691831895 36.00177726413305 35.701965131436964 39.54628375915796 27.509675190314525 36.031645203915545 32.23147926239906 37.78756157629959 30.39649631868037 24.272470152770175 31.850684470830693 34.681263350030704 26.03374232126445 31.611964851461252 36.46485582294629 33.86432699528312 34.15279206734376 39.75365243188049 36.51623066674953 41.43157562776282 42.728155269719906 50.12629314942944 41.46041505818651 47.15400804571523 49.61027795352231 49.394168254418325 40.02792028814251 38.00653021990875 37.728756570266825 
59.62343748466317 56.22621748583884 60.96002300272697 46.532385128869656 51.20048652756393 43.181189746307226 49.612025223177085 54.4454825601074 45.21446670024692 36.539399381095194 32.65577434032737 24.77993105695261 32.784824315234864 28.825832870027206 32.542270532730186 30.90472005005045 35.618318887121795 43.59124888828663 35.20460054597059 38.83348486652548 34.59592126222388 39.54445013512273 24.591230683997594 38.46258578552708 24.814543464558124 24.732889524080736 39.28586498404614 32.50287756988044 41.00011037216919 24.009232706719576 31.254455189328326 38.66232650857094 32.88181813003453 37.656570146820286 41.43039795166125 34.758120453699675 37.24770434497409 24.29146575787332 29.169938532205144 37.81869883101899 24.261391857280262 34.0615183311408 26.05274339363167 32.30381505753853 31.785762328767017 29.926154884568632 34.37630120771372 21.081148659131543 29.27818272945638 31.92379448398982 29.899252575614106 40.460105069260756 42.72495911349115 26.65005240170571 36.18665091843381 30.33831711563206 37.74430281342913 33.7561846853923 47.22017335764359 43.14999124077832 47.88613918694591 35.514115672240365 35.618362188340406 28.751612802559848 30.17802384890807 
58.17698493404401 55.826821457514214 51.914773558646885 53.492434055679745 46.48671265468863 54.57527593884896 47.327234538496384 53.63737260893975 44.21200490294338 35.24649748246166 26.807494258786196 29.121607499544442 38.25890827569746 28.501845847485562 29.901575094212905 27.79725291851426 34.35953650829702 35.68988434054258 30.104740820923155 33.152018420563365 31.217171004782458 23.21808436843183 31.247297557501174 31.94391784255464 27.912457152361227 26.331791840817885 26.346303599200503 31.874842927544282 31.29870318524978 36.935396663616274 29.75602340755492 26.5718209744039 29.76619480336943 28.528918458892875 28.797942573178375 40.98757399231933 32.675101707527716 33.10901499443395 27.615189352406325 28.106171311402264 24.548842361054398 23.662765572258493 32.387285503355784 38.49299784164966 29.937797637021816 28.733585855400438 27.439898315823804 27.353325947593074 26.400317342824223 38.25289509713025 38.18422651638231 47.87829109252895 34.05440876851756 41.23984783296016 41.476990485701535 44.161681797598746 37.571724869779004 33.13719254678968 41.40079902964699 36.730236108512955 38.81298067079532 45.41957821062527 31.464591768795554 26.79385745180516 26.6857848361311 
45.01583954553253 46.95405980739258 52.155141776539786 42.663619642879496 46.07151866929066 46.329903836885144 49.42821161898195 40.752841531303005 39.41870111420586 45.29650291829158 34.41300326420983 36.0281619416457 34.53028862077959 31.23971069487411 28.350825518168676 45.25621578324673 31.82412296662489 37.455166874590105 38.96083034971046 43.00258037616064 34.43818381578423 26.900283974838334 28.05859884386128 41.66148361635014 27.479360440142475 14.941752868476307 20.47454446142475 19.49016885896367 19.080380065980847 28.811708274855466 18.989762574153637 18.989323386112595 32.4259024188238 41.82016487892521 38.66810872104814 27.57645454092652 29.139984906662683 23.216090908068356 28.190686568129344 18.339350726463287 31.07918892743846 31.731273801108266 27.672763252434436 40.47381523881613 40.8411729476376 35.44193452380232 36.08306976370031 15.415563207081712 24.121868636237995 26.60966350114232 33.15311133906522 42.47348271479534 37.76481504905418 44.913674005977356 42.276669397371634 48.41932817000084 43.05850627567654 39.647914508661856 31.44733291479885 28.636972040691237 38.460825513749974 40.739797186217835 32.659952865232135 37.25057599662742 25.345138449807237 
49.686680989863966 52.4727016194047 46.54185647447959 46.592354621475806 53.23117420289962 57.63616112285531 50.97753479956666 51.75395663306233 44.87487543316165 40.21507657695793 40.150327971847474 30.57336174441427 41.31879624092766 42.2510300531697 37.104427267317206 44.261935998843114 42.13519023998107 39.579399478092526 32.84992503391533 39.37716239007288 30.679948883669393 24.296734321318368 32.45170091889409 34.07085564573215 28.845228233256094 22.709096948942875 25.798986480152394 19.997579745495003 23.76149352355662 32.50783741450245 21.748470341440875 21.56002721509128 35.45129040462499 36.52487045023101 36.9146951698352 33.83108879373334 33.26440370317471 41.51755723225777 27.867216703947097 21.021937492109444 27.900487821936967 16.96372512855782 27.082553082793574 26.798260079521402 33.33857326021639 26.50638111327133 25.842020279373727 21.411227885850145 20.895753109593674 24.306776386771446 27.936225873821257 24.578142640380776 34.79967920092138 34.41633319105734 31.229328183106595 38.641909807257505 40.6607834249354 34.08805202706809 33.212406435867734 28.020892977891286 33.61827617615431 35.15991513783143 31.110364903118533 29.697834359095715 32.5512100051213 
35.369047476222796 43.83810654550691 43.26327120130932 45.288975758112215 51.00353731144811 56.159405649257224 43.9995527383174 47.837581328461354 44.04743235472356 35.87315518577491 42.41525929942807 39.98914455074444 35.52069556974594 49.44487397737479 44.13557023706029 47.37473950311452 43.96672492001356 46.51966680021532 31.32152889795789 33.88066617647707 34.8267636105167 36.80933357647867 34.474007449265955 29.145467438924715 24.44345392180818 20.609534572932645 21.046311736244093 9.349318960718719 12.520405663992378 25.419782416160388 13.380216561236015 29.763410692771178 29.06401948599276 30.837253013136674 38.520684107917475 33.62304455014382 30.415267484998637 20.35896387459462 29.625344774415765 30.726227688552058 27.24217626361926 23.59035916792606 19.570550259487845 21.40895405517894 36.34647804169567 17.45440079745943 21.09685214104285 27.48236637356997 17.686585924922625 23.89954591023536 23.476061685711397 35.216092803883726 26.235826119752495 29.17805944092698 31.733282741547125 31.647556423588217 33.9173802271473 38.01940901496073 34.64472560593694 25.655768045154286 31.54131520733872 23.125189697263924 30.85190120788 39.74175329763526 20.765228263964794 
40.44542767194805 35.419654519505634 40.14839422926845 37.965242824316206 41.668891628037 47.025618406825004 39.06091276764178 36.343350294913705 38.697258440943656 38.18871840585083 38.612717400759294 42.502922611426854 34.42320388877064 41.27585982979237 35.730449493937414 38.21572983658491 31.6115069531527 44.111969905371325 41.080344004573774 40.88560997578783 39.02637832553416 43.90280165101717 41.25934652618764 34.322930358610975 26.22336437096737 28.10317560050323 26.400209867271855 19.60661346608395 22.17114509322529 20.923509883051697 21.210436576049993 20.064921804483262 26.590665749266122 31.769614390280566 30.96070103503908 34.13868303722608 29.695987563209243 27.24940604962325 23.238156028431206 21.37515111837006 22.358947665155213 23.949859372952787 23.30950323888589 26.837360837897478 19.395622285291967 19.094790116708023 17.481484731633167 21.622324194731227 24.210744318045002 17.689418989140847 30.15804847132471 24.27655991860415 26.495627124287253 30.71567178314576 35.29832458941286 30.23759102237794 30.378568286098506 30.42979913165452 25.826194024260463 32.42090549434703 30.636539662627296 25.773999708177946 30.497927333885315 28.724095504611572 28.855805185334063 
43.14489697814559 35.681025514295385 35.18834270872303 33.85742709526063 26.250016360290086 38.10032671414736 34.02316265563632 26.296370580448627 35.08736813922168 31.750359052653614 39.75137194072358 37.26643971573097 32.13812732730322 35.052781921383755 29.440779594260576 37.846896379790834 34.637844210771334 44.38716046851866 34.23623564146679 34.11137951998156 31.84746435736674 31.71981027403518 47.76337249504137 38.17810426204634 27.942068853290948 39.12896985192637 33.5620143985753 30.341696637298924 36.3091892234079 34.952681702848935 28.904584975922692 28.32151140001895 19.20536979459886 35.97693798573509 20.067243910192794 35.230671154453404 37.5783889614289 39.484438191232215 30.97219875645697 23.25073961714666 23.46501501014226 10.874364308965623 13.108747976192168 6.681103236079007 8.392915016031095 16.420169088809452 28.538571637972375 15.316730493539124 31.86082384718958 33.019008359450936 21.045965359939473 28.79493849872969 26.538752551615676 30.933183979596524 27.11637985836213 26.677073940973678 34.224040623440374 18.595289468397127 24.496648636050793 21.545002902573895 26.83446450366642 15.780213791809704 33.35637773603827 20.17141949623459 21.57973366502039 
30.509510960453934 27.66909469511465 25.76101864775073 23.283141101423276 30.204700239685852 30.495422213803486 27.47930774914289 32.49701887271921 33.984811612363586 22.893462959411632 31.22696303481662 35.47744533704403 33.652478262821504 36.018216474150435 32.33276049407247 33.901132853499476 30.67836068538268 29.24686368897207 33.173617185515226 35.155953318495946 36.80412947408496 33.58046906512588 30.99357504220373 32.821768409895014 34.19823510107728 30.460267072517993 33.93451293343319 32.8116878700152 30.380037484048334 30.006375648131772 21.30964263719989 13.888582617913336 24.046755774337072 37.43459099930697 29.144725334387463 26.508479476729423 30.557787955662803 35.054560873430646 28.88634570820354 29.223927219962757 27.47324271964483 27.472618994889878 14.944535791384443 0.9646661141028883 10.327977357017403 17.042296875939726 19.038914697072325 31.91335149230571 26.777073580177344 16.63101240856397 21.69648656596481 26.220826807442094 20.57888589309158 17.14057916896483 24.251022288624334 22.646632357757525 23.989031345542053 25.878887529081318 25.226000114796452 22.12799609675965 22.975328453353825 28.848909873785082 27.397031970707992 22.73875622426489 18.725124157080774 
33.279813234997825 16.026080074815003 16.947112269809963 17.6829426938206 34.553714547210625 25.961445035552522 19.989932471968633 29.308445129028122 36.81286478498208 28.541051201460238 20.720318217135592 34.47086928010684 37.2736834900554 22.126365695092503 27.4862190903531 29.254867274841395 30.13567563062076 17.02424208511282 24.544795730072828 17.740108806145265 29.515282281929146 43.272635010223546 31.91432179100848 32.47021819310243 34.55740048790945 33.42240485849329 38.418580653278745 36.32358989190485 34.639379961547135 20.300410358892044 16.242908378942897 8.172104446093686 17.452043862644476 27.537315390731404 28.178135304973264 28.70930866675898 26.099154258497578 30.09028812482158 26.194251427149574 17.997199609754382 20.613629111254177 15.740225342057823 15.947164588041106 16.534697257878623 5.199633517906394 8.829707197678385 29.212760243000734 20.582470935286885 17.20749954569851 12.255813000434713 18.415986004897142 10.321609471138306 20.10883631854277 20.90816441716076 31.806111907223496 16.619177944791815 19.42549913368073 24.391202841892802 27.43297826328135 33.23632996245685 29.646526639586035 29.095956737232186 29.69232561883132 11.07247794630075 20.05666457889173 
26.140009658043184 22.983635120445935 19.89878366304457 17.018524234313222 26.024506971023843 25.3900403633084 25.651186157236097 25.394904016587027 30.99040450780383 30.497617213083647 29.66870226457088 28.09067839326852 31.130336595618342 27.862453409988138 22.82520452345553 16.389831238388062 20.64070691043972 13.881187303153757 20.785330657835644 14.827742182831233 23.896184218148264 22.90392893094859 35.60556191845058 34.97548046081201 37.8551390834463 44.38789341629649 36.61299172605854 29.688904937768083 27.419432618971463 20.150960884156643 17.4731910363605 18.495323004457962 23.545033842172415 30.75445736550592 30.798599372856618 28.06956223817754 25.960818359174652 23.038975196457642 21.41155054261856 15.670261377774327 17.950457981219515 21.560779124392422 21.975880687455778 14.856504561446446 13.10918469344232 10.930484548970458 18.098961904408185 15.415916380708701 21.23645213431336 23.623964593414517 17.84470209662217 14.003040566975645 19.252932176274477 21.15771888272192 22.759843595012455 25.31032139161254 21.39164877325953 28.82782628457803 20.822642691408234 28.63391977653545 23.178178191572773 24.083449168104153 25.803251195785847 14.790865963234614 13.29775888974627 
29.661597676795857 20.23664347611284 21.64089824041179 24.775143785356647 24.2340062333166 14.859388567400972 24.00192386755328 16.133736748238523 35.30563068177317 31.356784591960277 30.365390383344725 24.517892115661738 32.38922312392265 31.508608245611548 30.495294247029847 22.657183930183308 20.639667471054665 15.65459994329551 22.27389346419702 13.690447082407513 19.668130341485863 15.767465137457984 26.25874803404298 25.01548670817913 30.211019953342138 43.273250321871245 30.201829558149726 21.845881451470092 25.876407003972727 18.35472073573274 13.002365074970127 20.123840853098457 29.758351005115063 22.708877233750282 17.4290380365274 30.14447426477852 29.36361838568917 20.06321760302036 22.97661469725565 18.848854579741456 23.55983699616297 19.047132281057454 28.197184409040943 7.28213182038494 7.67581526368533 11.363230045423736 17.214008986775642 24.68957291247017 21.103727357663843 14.466576893936342 20.930636880534657 15.612048140420237 9.157575040516116 11.705834352668901 21.081254756972506 21.26126892431768 20.986986690563125 30.6727012161135 23.288685845587782 29.29905738981666 21.241933452193358 23.187521955108313 17.075561705292543 12.169988982910011 17.736184917022378 
28.924984585832956 32.564610778521036 27.23579585674972 23.149818578035212 19.088576283591234 20.906424429426096 24.54006760953024 13.802860611805077 26.552427275673214 40.65794243448953 32.17253568672332 34.799908835534936 24.14288768017811 24.360358004524485 24.902615167164964 25.65999147003958 21.57546185764174 27.96257107202794 25.115745530356264 23.026219709288863 19.004815778782312 26.53576473858077 29.06589492305926 27.348541676070603 25.75029793577929 35.646864561229926 34.599961200547654 23.446849244093897 22.726734069435047 23.610537674027455 19.397608046326248 22.08727603393431 23.132088401009447 25.95539731591747 22.428937600140426 24.19978151287623 32.54860701857693 27.2217539628262 16.630031268413127 19.444657264773042 16.1529008611059 19.91203464022565 17.575401130346535 16.170341089836395 6.276143274168209 5.348334910851763 14.809430692966892 11.107190152422165 15.999949921337686 15.89839254881672 18.787410879900783 21.10101839874425 10.278691738615706 15.022518618852295 15.800623254639717 14.278837210635677 22.16231305121602 29.610039886968224 21.603959856663497 31.012840515493906 26.83337385360416 25.207014364477267 15.750028409035682 13.408803236404923 20.193886184948756 
27.03685192034307 32.322062410093146 29.75486330677836 16.645867302714127 24.408743682603454 16.114154897456103 11.755669256619885 19.314299674334322 31.47805290209342 19.352619630464186 25.21529890509327 28.14522862072217 29.007815701624043 16.728656979966786 19.572794382919376 27.78212624661527 20.992964797449503 27.69121381822578 35.392810354815694 23.758198917061748 25.510481550129875 25.541563948999226 22.858104698944373 21.11194332486656 34.77734544541462 41.56884854631302 35.813924060216394 20.7072326801047 28.675095027617548 25.372467314041913 25.50313344193421 24.31798721108341 25.200542439089894 28.136468803072283 17.67806106843493 28.875100968573438 29.500503103618275 28.125361073731 13.35793714937379 19.686785321462974 12.894659160386187 20.9934190416584 18.48046329119836 17.76656136976542 10.937377971207175 14.316002460458886 6.807630932613479 1.7460396928343638 19.144604248046196 23.289280962099134 16.51658694606331 9.359137205782918 5.3309223500826235 19.157801392875594 11.6944190010257 5.401258337544267 8.590193259397362 17.466506109610776 18.775667628739765 22.746598350941746 21.41260220172474 10.115230791136197 15.322387547968951 26.118551767614054 15.145391523649685 
19.80637568381969 19.993048381061083 22.27781373435466 24.624116711337066 20.237706231336 25.83290447888413 21.984127531841285 29.106320977051034 25.07476031137863 28.929684308765324 29.072940623480562 29.398029094422757 27.718756871420332 13.880865121034429 18.836647035419055 16.897984100289335 24.103468468216214 28.75934876757626 33.85528018302458 39.104922544716146 31.536413104465552 35.41137939608561 24.580720551803317 29.297082605763336 26.243401286668124 38.48624834261402 30.06269544755653 30.207722224166854 21.80663295501498 19.20613158834552 20.301395061392917 25.93617491245508 18.408324866522538 12.675388206461047 17.807226469438646 14.521055661683082 18.46630729355857 19.989605349321586 12.029773857048028 15.171014374979357 15.828867240803904 4.709919013637264 10.613623949943552 19.340668964596862 11.843913001073744 9.833635659719445 11.880801707968736 6.23861744046187 13.613728335148398 10.05810343242683 9.659311058073627 13.425181582327255 17.38001398819823 14.832187790577187 15.905874422322832 13.684440360932179 14.730221496361628 17.848079336208016 15.030679892117364 18.370842455184125 21.813119133214677 23.182705670138176 22.814429884410185 20.725265882318837 17.503741654580054 
28.250985470286995 27.18420392282012 10.383944466401537 8.394122351261432 15.65419869451012 24.19850900616614 24.983936655311943 20.69397805525744 20.35497432544781 37.656973409638226 24.684052837275146 37.12090529845052 25.979704638692795 33.393581427219424 31.70205327626217 27.053192329475205 25.875026970844488 36.42806192643114 30.34769500467754 35.92131057383366 30.10699707700403 24.30976288341873 24.49184554410436 30.740835859861356 38.29643422082646 29.393103801332952 29.069237539721872 21.76159378868155 19.589238325880114 18.52098570994471 29.4927905652225 23.353557265719477 21.22556848847001 10.4092770492829 18.583323631072993 17.19112494661697 15.452860348377142 10.873558483583619 1.7925257219786452 4.438668893488446 12.992279535255443 12.249066697855204 5.694486157412558 13.073350698505685 15.83952170636201 17.29409624305924 9.19337575954026 13.668099701323358 21.009485525546705 18.75092760581071 21.11079871781054 30.792608626825636 20.544565148022002 11.721976626995758 12.40478656758441 3.4685618043244837 12.867930241436932 0.6132516630676488 12.349280765276523 8.342155849728778 18.085358841235937 20.35790645584436 21.238798451978695 12.461762738655072 28.539742975626332 
26.981556848749996 24.915101575724897 14.062404758171851 19.1862700649592 13.159695952790694 18.752873466904113 19.096280051683756 15.581121463278128 26.386480590586515 29.17219286615618 30.838915819754465 27.37910124052432 24.466831831684836 30.150098430909367 30.30524984580792 25.91499836952012 25.03932669978083 25.917826883349026 28.875835989602617 28.565848946712514 19.69481556911237 21.630238270979593 25.98859023739002 18.511186512943276 28.042612862552257 33.46397017087263 24.364111560205934 31.9629556335041 24.047204401471195 24.94523437935609 26.54585568423129 34.29260352148122 26.69746946283027 17.070735143278746 17.46808568200826 8.854861247452845 5.100981865665726 7.625531873919455 7.9728861236293715 0.7533502054640353 15.566606553224574 9.260335537988773 6.982141458337017 12.713100443939522 15.589315147916366 -1.752421015131163 5.247279362863186 2.5847081324037084 14.185467675340014 21.5702222359351 23.190847326393197 27.126404392485863 22.27622559214517 11.684395494491389 9.066180577850725 9.967171804552972 6.542270706203527 7.192460938084574 13.694226559326605 20.116624409564793 15.012970042584385 13.129973072606912 12.767230503148607 16.455203894949122 20.0881360852504 
25.48017437572998 9.25265953185205 12.794195943488829 24.841403840744363 18.077985487368522 10.470116743148349 27.857323833592694 16.341022340835277 25.87974919735865 36.78235344945237 22.82661937004033 28.96975623600346 18.886700177913884 27.703953076299165 34.613803030471935 28.76073729391529 26.204267295702962 29.40747166960296 39.184626498676444 30.86918091915186 25.114704296726572 29.616696014645324 29.043897536974953 23.30182065169184 25.447453604951846 19.152543216067734 17.179183983709315 34.60846705326561 27.074857843529045 34.87005478157972 37.68649094042233 24.760056183498698 28.808435347556646 20.803137906536065 16.784918195611837 10.38440470375327 5.254549951951127 7.086572856295551 8.098293329978098 -1.6656773059702523 6.908186680622299 15.470150390310385 9.790497826116981 19.762316319586752 22.256121516301523 1.6720469447564597 -0.46333250493296596 4.290541824547935 9.069702064089585 14.334243717121469 18.846487224234885 23.086953033988834 18.420318102468812 2.5579227845808763 4.600023074642571 -4.882766778887888 2.8507117174406877 16.165880730919987 8.810504545255432 9.21026616977397 8.989761758783409 2.790747034204405 7.315209072975277 19.489038886217276 13.163171829080945 
14.862203785182157 22.92317862343708 19.759101971453862 12.038028311049857 19.02353613179653 29.167894111397988 24.4341008165257 24.053095300771794 27.495662690871896 29.261223254496727 26.009567429977057 23.399932066712417 25.99506863459242 26.00731305267548 26.518301767614222 29.080750846675024 29.383316370266186 31.807185477976454 32.51121248459248 27.865293252976166 25.823886010303745 23.339944979575975 26.409079208184302 21.57657808057853 26.563205378808803 18.285788120437925 24.48938819083328 24.151156562898716 22.917952565592064 20.352444005731215 27.234401864200564 31.39676249093532 24.881298003498124 19.6871538455252 17.68682172786044 17.297120652952206 14.568320577298548 12.635673658425453 8.284457871610876 6.116131318811226 6.310910214274806 7.539566403132385 13.734440663855427 11.951319797564516 11.570551878195605 11.314568267870435 6.344081480300629 8.321487195748665 12.237438786599832 22.68608684709223 23.71317632200166 26.542234045800875 13.624523842304958 12.903319010649007 -0.7147930145508861 -9.31593184787364 4.6462226694243345 5.11567379358498 4.870615231311923 6.54112017168587 5.046673837195208 2.75028091771176 -4.093764157451913 -1.9683529237779869 3.843909641954859 
17.70479706758138 11.390756432116458 20.848614461422503 21.99847305683354 26.03302191803447 17.337662611024918 31.610327145814406 33.66266558326032 28.837095802603017 37.44603977468679 37.88318935088556 28.29287574820986 21.859295384327755 15.631666293600269 15.185291097725152 27.079050309887798 24.394367107822315 24.52971993823495 24.463570663518425 31.44697916509785 23.31276432120778 25.33642361729848 30.04647969092416 33.14435846330395 30.87877543423593 14.789283642448968 26.741987813652862 23.573682014705575 21.645036779967967 21.05057463962745 14.364601678703893 15.377525538387612 19.312251377725374 7.681819364362905 9.962269659957236 18.686656679804116 19.459546928476215 9.932675206320626 3.158637374680903 8.337696033853518 2.147181504555823 6.356081555865773 9.783528365345102 -2.592049614700521 7.8106690186764585 18.997586245441305 10.125110106082015 -1.5200874205921577 9.242592975449558 10.42272790901645 25.383046190277305 27.060155009767538 23.537353470431526 13.369337344048661 6.733901062330899 -11.503123288571896 1.0336724296521442 2.4626604471369626 -2.7270909238561694 -6.921627835160901 -5.574288445318264 -6.827897544556926 -3.575863560465975 0.3178551042489701 2.7505602794325408 
9.375633421043652 15.670044657202428 20.460232622950492 23.603199517116828 30.111517426281615 25.51128605499712 29.112221002266246 29.838856691732225 23.802185940048624 28.8947222061576 31.485357103523008 34.553356695285544 24.570995085545825 19.055470311292986 19.63715682368 14.038420854912111 24.49762050220339 28.105407574878626 27.631214487021328 24.341797810260648 21.885248032306812 24.384776175991263 29.95572901005551 29.795763238726572 23.870358339594144 18.682940611904804 23.0732676397732 15.737706114015145 15.366044936219378 17.639040690136355 19.764613901506962 22.470160503622992 21.113659428083416 14.121724462414328 13.061044738897426 12.948397499575794 18.05690176368596 15.07517140914491 8.052739435954427 0.0410092793950847 6.133322981191447 0.5389368393380707 6.993651458146644 0.12392806839506765 5.505260289428897 8.475305943593986 5.954783589936989 10.17103999898392 4.861046561404883 16.680195887421995 13.566401667668416 15.597429468200064 15.064872317013815 11.991850814353388 3.9225269680083086 6.668534167229375 -1.2478661653277463 3.9953878382654633 0.32432571713061753 0.17029999940509377 -2.7669489829241343 5.684626702942966 3.5435080692046332 7.4914915077003394 2.6225454111669704 
20.948480713050234 10.204762618605166 19.836602247618185 38.392410672950376 30.00886414361812 21.09842131111734 37.47981909490595 34.86647475197204 31.868149077415175 28.4536228042952 35.827717204982676 16.417035235136172 21.14300627968867 23.701673807178658 15.599015807669879 20.976601225975962 23.502971624626337 27.232346624127185 21.26442992338021 34.517494718949564 32.21760423423472 34.894609432011364 27.981853648508757 34.80022573994154 24.021351447626085 25.056135152512457 10.159969210217746 25.594014048232722 20.193249741210487 7.201967113644201 23.564004337741576 25.558887357689503 18.922444083664587 10.170155139138293 25.52201480586998 15.639680384823363 10.16670589679387 3.5268523111084455 1.2141969207847936 15.535122460341032 12.605197657760629 0.7456932424089713 9.62189077832824 0.9372259539106924 4.6176089639755995 2.6713120852832546 12.356362978098048 10.947601854728102 11.381220737883329 9.556993555937819 11.285585182474158 17.986007545118333 9.382675099152756 -3.528944553133619 2.2574667333542227 -11.396535653080056 -2.085554782733773 2.4819854821770786 3.4177971281157857 -8.069918330334264 -5.563261093420222 -7.431270460117197 2.023939320722294 2.473740122928441 14.519594348298234 
16.216921105718974 16.02567578843615 30.766959411341226 39.177698098951346 31.394378681650785 25.23541972060579 28.750115855343488 20.550158487152718 26.806485588510483 35.63571763650093 30.29454423435805 28.66866299654736 18.52515883119328 20.96896706691823 10.866244043676021 7.756283972221674 19.953382795456143 8.933478531055776 15.666376039330574 24.975337916580973 29.504225108916714 22.328945351966667 23.782546357290926 17.06061387381199 19.424403855909055 13.779321872686165 12.581471397888798 15.62601111362595 12.448143387136323 13.027583283005802 7.62701337758714 21.569763066541945 17.722678112094176 19.07776928926017 22.878991698960235 24.5728807159121 18.307979818187256 8.349849703910756 4.057927779965029 16.32441130334091 9.601489287177767 2.594514234663377 15.170648741280068 11.996625933573009 4.681459962132381 0.04930395975860691 7.261832781144222 10.421610390690685 6.8274200695399045 -0.39866972664825173 6.622506220064041 0.42937861343142103 -0.28326914753093346 -4.258364823434834 -5.1170014462268965 4.405762218501589 -0.6429146445467273 1.8931787538049507 2.588819786638564 0.49451949387404714 -0.7180276095638463 6.473982245724951 2.4265494457891794 13.864860788968375 8.444716807158825 
